% -------------------------------------------------------------------
%  Generated by MATLAB on 15-Sep-2019 09:05:34
%  MATLAB version: 8.5.0.197613 (R2015a)
% -------------------------------------------------------------------
                                    

factor = 2;

i = 3;

m = 3;

n = [0 1 2];

x = [1 2 3];

x_upsampled = [1 0 2 0 3 0];

